0.0 7.408
21.0   -91.6   -28.3459445885   9.47693853953
21.40076979   -91.832308051   -0.0840103678473   0.0
21.8012178285   -92.0658927686   -0.0859926647797   0.0
22.2   -92.3   -9.54644520034   -0.337609804244
22.5512290511   -92.5980259378   -0.113452326492   0.0
22.9019062472   -92.8975718691   -0.115725476623   0.0
23.2520191416   -93.1986696044   -0.11802123082   0.0
23.6   -93.5   -21.1435189822   0.0986478422585
23.8270037616   -93.9232439111   -0.170214253835   0.0
24.0528480991   -94.3479676867   -0.172344802899   0.0
24.2775165155   -94.774184643   -0.174480877015   0.0
24.5   -95.2   -5.1667481864   -0.931751725854
24.6769932046   -95.6236710224   -0.176289638923   0.0
24.8527945322   -96.0485423451   -0.177977691356   0.0
25.0273909233   -96.474618876   -0.179664756616   0.0
25.2   -96.9   -12.0611806186   -4.17099981662
25.2652621527   -97.2366379999   -0.143507302173   0.0
25.3297600568   -97.5736360086   -0.144005876135   0.0
25.3934906663   -97.910991195   -0.144499715589   0.0
25.456450961   -98.2487006651   -0.144988761361   0.0
25.5186379473   -98.5867614622   -0.145472954402   0.0
25.5800486586   -98.9251705673   -0.145952235808   0.0
25.6406801556   -99.2639248991   -0.146426546843   0.0
25.7   -99.6   0.0   0.0
