18.6   -83.6   2.86086828451   -2.37726691802
18.9034906694   -84.3647514727   -0.245847498708   0.0
19.203841439   -85.1322678896   -0.250562729248   0.0
19.5   -85.9   4.58675620692   0.0648929325878
19.8551297725   -86.6457979027   -0.251134330054   0.0
20.2071445308   -87.3949270583   -0.25660421997   0.0
20.5559699783   -88.1474365131   -0.262081241339   0.0
20.9   -88.9   1.67890711014   -2.93626855701
21.2294124639   -89.5712309973   -0.241258619099   0.0
21.5561588988   -90.2454547575   -0.245933014672   0.0
21.8801820201   -90.9227104758   -0.250616173504   0.0
22.2   -91.6   -6.06502419139   -2.45880442222
22.4291666289   -92.2475289674   -0.245864065529   0.0
22.6557438552   -92.8971873863   -0.24906095136   0.0
22.8796939874   -93.548981524   -0.252244608038   0.0
23.1   -94.2   -1.67035138381   -2.39382881316
23.2832376422   -94.7949907847   -0.234313885362   0.0
23.4642257356   -95.3916113873   -0.236697651265   0.0
23.6429384788   -95.9898600209   -0.239066167173   0.0
23.8193501664   -96.5897341308   -0.241418737192   0.0
23.9934351975   -97.1912303835   -0.243754653519   0.0
24.1651680858   -97.7943446568   -0.246073196811   0.0
24.3345234683   -98.3990720296   -0.248373636596   0.0
24.5   -99.0   0.0   0.0
