320.0 16.11
24.2   -85.0   0.165857841899   6.52951954006
24.6684330507   -85.430551759   -0.178099146395   0.0
25.1356297503   -85.864344844   -0.18265861051   0.0
25.6   -86.3   -4.01483812548   2.14521640778
26.0783890579   -86.8191087014   -0.226255134103   0.0
26.5549058608   -87.3424691105   -0.232025535447   0.0
27.0294950172   -87.8701895952   -0.237876571015   0.0
27.5   -88.4   -2.36553136018   -2.71407312605
27.9031579626   -88.8949504514   -0.230088402705   0.0
28.3045344436   -89.3935949682   -0.234899613806   0.0
28.7040855474   -89.8960076017   -0.239766445933   0.0
29.1   -90.4   0.290326300747   -2.61310492947
29.4526620264   -90.8458008642   -0.218008369295   0.0
29.8038285876   -91.2947048554   -0.221926765539   0.0
30.1534675893   -91.7467649548   -0.22588606955   0.0
30.5   -92.2   1.79124149922   -11.3048117848
30.6511093511   -92.3856490289   -0.0944350021127   0.0
30.8019540531   -92.5718787603   -0.0951525553439   0.0
30.9525316802   -92.7586934848   -0.0958735365666   0.0
31.1028397885   -92.9460975048   -0.0965979615091   0.0
31.2528759154   -93.1340951343   -0.0973258456318   0.0
31.4026375798   -93.3226906986   -0.0980572041088   0.0
31.5521222817   -93.5118885342   -0.0987920518365   0.0
31.7   -93.7   0.0   0.0
