330.0 16.67
22.2   -86.3   -0.555889935208   7.80135846183
22.7681389947   -86.6640047446   -0.139207186575   0.0
23.3354458697   -87.0310498027   -0.143723462685   0.0
23.9   -87.4   20.0017034588   1.98582560822
24.6010045833   -87.5476027679   -0.0606255815321   0.0
25.301863618   -87.6968684436   -0.0629689161801   0.0
26.0025706529   -87.8478703632   -0.0653711110098   0.0
26.7   -88.0   12.9477602393   -2.3242017424
27.3507310744   -87.9754190678   0.0111693849918   0.0
28.0014577945   -87.9505476046   0.0115522994028   0.0
28.6521799847   -87.9253738983   0.0119451236666   0.0
29.3   -87.9   34.3320851952   -7.95904129219
29.6514038909   -87.6028221998   0.146228584493   0.0
30.0021404424   -87.3035639641   0.148845827865   0.0
30.3521953514   -87.0021847864   0.151496895935   0.0
30.7   -86.7   46.9227375316   -1.37558402166
30.7432880223   -86.2383041676   0.235866447389   0.0
30.7849400315   -85.7762010598   0.236368907138   0.0
30.8249519005   -85.3137053976   0.236852859497   0.0
30.8633196549   -84.8508320552   0.23731815581   0.0
30.9000394744   -84.387596055   0.23776465248   0.0
30.9351076942   -83.924012562   0.238192211097   0.0
30.9685208064   -83.4600968783   0.238600698553   0.0
31.0   -83.0   0.0   0.0
