20.2   -83.9   20.0641205597   1.36842308888
20.5342225988   -84.199019002   -0.104069422097   0.0
20.8679303484   -84.4993465452   -0.106164172573   0.0
21.2   -84.8   -0.220991781211   -0.288269800404
21.5261710654   -85.0982987203   -0.108663970928   0.0
21.8518096461   -85.3979389901   -0.110738184237   0.0
22.1769044027   -85.6989471156   -0.112830235654   0.0
22.5   -86.0   10.2025864068   2.46260463638
22.9261882028   -86.2726848895   -0.105289131898   0.0
23.3519078606   -86.547090061   -0.107832244552   0.0
23.7771461917   -86.8232604714   -0.110408793099   0.0
24.2   -87.1   19.5265375933   -1.31022994069
24.6506012026   -87.1990169182   -0.0409444670687   0.0
25.1011370689   -87.2987511   -0.0419538918081   0.0
25.5516057504   -87.3992227288   -0.0429794854224   0.0
26.0   -87.5   11.4196212208   1.52061285274
26.5005572124   -87.5   0.0   0.0
27.0011144247   -87.5   0.0   0.0
27.5016716371   -87.5   0.0   0.0
28.0022288495   -87.5   0.0   0.0
28.5027860618   -87.5   0.0   0.0
29.0033432742   -87.5   0.0   0.0
29.5039004866   -87.5   0.0   0.0
30.0   -87.5   0.0   0.0
