275.0 11.11
24.5   -85.0   1.48140903713   0.208371844256
24.5341035501   -85.3335269559   -0.138402021875   0.0
24.5674733107   -85.6672332378   -0.138655187641   0.0
24.6   -86.0   19.8903183573   3.62356209261
24.776792575   -86.3987418652   -0.166548480127   0.0
24.9525262459   -86.7986177393   -0.168139071461   0.0
25.1271894265   -87.1996331056   -0.169729971433   0.0
25.3   -87.6   22.7655014228   2.51971140037
25.6516455949   -87.9472788699   -0.149376203354   0.0
26.0024649322   -88.296608484   -0.152188701938   0.0
26.3524400199   -88.6480285144   -0.155031017385   0.0
26.7   -89.0   19.5459641442   1.65225289242
27.17606934   -89.2223437958   -0.100728626207   0.0
27.6517851014   -89.446592017   -0.103248367836   0.0
28.1271369064   -89.6727990819   -0.105813273644   0.0
28.6   -89.9   27.2283045427   1.3566205654
29.1506779519   -89.8518850244   0.0232352568467   0.0
29.7013385297   -89.8032514074   0.0238939327965   0.0
30.2519811449   -89.7540816023   0.0245678388112   0.0
30.8026051895   -89.7043574754   0.0252576007312   0.0
31.3532100346   -89.6540602765   0.0259638723034   0.0
31.9037950297   -89.6031706087   0.0266873368136   0.0
32.4543595015   -89.5516683962   0.0274287088004   0.0
33.0   -89.5   0.0   0.0
