#EXP_START
  0
    0  // PATHS
    5
    0 , 54
    1 , 1
    2 , 0
    3 , 0
    4 , 0
    5 , 0
    6 , 5
    7 , 40
  1
    1 // ERROR CONE
    11
    0 , 50
    1 , 1
    2 , 0
    3 , 0
    4 , 0
    5 , 0
    6 , 1
    7 , 48
  2
    0  // PATHS
    3
    0 , 42
    1 , 0
    2 , 0
    3 , 0
    4 , 0
    5 , 0
    6 , 3
    7 , 55
  3
    1 // ERROR CONE
    9
    0 , 44
    1 , 0
    2 , 0
    3 , 0
    4 , 0
    5 , 0
    6 , 1
    7 , 55
  4
    0  // PATHS
    1
    0 , 38
    1 , 0
    2 , 0
    3 , 0
    4 , 0
    5 , 0
    6 , 2
    7 , 60
  5
    1 // ERROR CONE
    7
    0 , 15
    1 , 0
    2 , 0
    3 , 0
    4 , 0
    5 , 0
    6 , 5
    7 , 80
  6
    0  // PATHS
    2
    0 , 27
    1 , 5
    2 , 1
    3 , 0
    4 , 0
    5 , 0
    6 , 0
    7 , 67
  7
    1 // ERROR CONE
    8
    0 , 22
    1 , 0
    2 , 0
    3 , 0
    4 , 0
    5 , 0
    6 , 5
    7 , 73
  8
    0  // PATHS
    0
    0 , 8
    1 , 0
    2 , 0
    3 , 0
    4 , 0
    5 , 2
    6 , 35
    7 , 55
  9
    1 // ERROR CONE
    6
    0 , 1
    1 , 0
    2 , 0
    3 , 0
    4 , 0
    5 , 1
    6 , 33
    7 , 65
  10
    0  // PATHS
    4
    0 , 0
    1 , 0
    2 , 0
    3 , 0
    4 , 0
    5 , 5
    6 , 60
    7 , 35
  11
    1 // ERROR CONE
    10
    0 , 1
    1 , 0
    2 , 0
    3 , 0
    4 , 0
    5 , 5
    6 , 70
    7 , 24
#EXP_STOP

#EXP_START
  0
    1 // ERROR CONE
    11
    0 , 68
    1 , 0
    2 , 0
    3 , 0
    4 , 0
    5 , 0
    6 , 2
    7 , 30
  1
    0  // PATHS
    5
    0 , 60
    1 , 2
    2 , 0
    3 , 0
    4 , 0
    5 , 0
    6 , 3
    7 , 35
  2
    1 // ERROR CONE
    9
    0 , 46
    1 , 1
    2 , 0
    3 , 0
    4 , 0
    5 , 0
    6 , 2
    7 , 51
  3
    0  // PATHS
    3
    0 , 38
    1 , 0
    2 , 0
    3 , 0
    4 , 0
    5 , 0
    6 , 2
    7 , 60
  4
    1 // ERROR CONE
    7
    0 , 12
    1 , 0
    2 , 0
    3 , 0
    4 , 0
    5 , 0
    6 , 3
    7 , 85
  5
    0  // PATHS
    1
    0 , 21
    1 , 0
    2 , 0
    3 , 0
    4 , 0
    5 , 0
    6 , 3
    7 , 76
  6
    1 // ERROR CONE
    8
    0 , 20
    1 , 2
    2 , 0
    3 , 0
    4 , 0
    5 , 0
    6 , 3
    7 , 75
  7
    0  // PATHS
    2
    0 , 26
    1 , 11
    2 , 3
    3 , 0
    4 , 0
    5 , 0
    6 , 0
    7 , 60
  8
    1 // ERROR CONE
    6
    0 , 0
    1 , 0
    2 , 0
    3 , 0
    4 , 0
    5 , 10
    6 , 32
    7 , 58
  9
    0  // PATHS
    0
    0 , 5
    1 , 0
    2 , 0
    3 , 0
    4 , 0
    5 , 5
    6 , 42
    7 , 48
  10
    1 // ERROR CONE
    10
    0 , 0
    1 , 0
    2 , 0
    3 , 0
    4 , 0
    5 , 5
    6 , 55
    7 , 40
  11
    0  // PATHS
    4
    0 , 0
    1 , 1
    2 , 1
    3 , 1
    4 , 1
    5 , 5
    6 , 65
    7 , 26
#EXP_STOP

#EXP_START
  0
    0  // PATHS
    5
    0 , 45
    1 , 3
    2 , 0
    3 , 0
    4 , 0
    5 , 0
    6 , 12
    7 , 40
  1
    1 // ERROR CONE
    11
    0 , 45
    1 , 5
    2 , 0
    3 , 0
    4 , 0
    5 , 0
    6 , 5
    7 , 45
  2
    0  // PATHS
    3
    0 , 45
    1 , 2
    2 , 0
    3 , 0
    4 , 0
    5 , 0
    6 , 2
    7 , 51
  3
    1 // ERROR CONE
    9
    0 , 46
    1 , 1
    2 , 0
    3 , 0
    4 , 0
    5 , 0
    6 , 1
    7 , 52
  4
    0  // PATHS
    1
    0 , 30
    1 , 5
    2 , 0
    3 , 0
    4 , 0
    5 , 0
    6 , 5
    7 , 60
  5
    1 // ERROR CONE
    7
    0 , 7
    1 , 0
    2 , 0
    3 , 0
    4 , 0
    5 , 0
    6 , 7
    7 , 86
  6
    0  // PATHS
    2
    0 , 32
    1 , 5
    2 , 1
    3 , 0
    4 , 0
    5 , 0
    6 , 1
    7 , 61
  7
    1 // ERROR CONE
    8
    0 , 35
    1 , 0
    2 , 0
    3 , 0
    4 , 0
    5 , 0
    6 , 0
    7 , 65
  8
    0  // PATHS
    0
    0 , 0
    1 , 0
    2 , 0
    3 , 0
    4 , 0
    5 , 0
    6 , 44
    7 , 56
  9
    1 // ERROR CONE
    6
    0 , 0
    1 , 0
    2 , 0
    3 , 0
    4 , 0
    5 , 0
    6 , 35
    7 , 65
  10
    0  // PATHS
    4
    0 , 0
    1 , 0
    2 , 0
    3 , 0
    4 , 0
    5 , 2
    6 , 63
    7 , 35
  11
    1 // ERROR CONE
    10
    0 , 1
    1 , 0
    2 , 0
    3 , 0
    4 , 0
    5 , 1
    6 , 70
    7 , 28
#EXP_STOP

#EXP_START
  0
    1 // ERROR CONE
    11
    0 , 35
    1 , 20
    2 , 7
    3 , 1
    4 , 0
    5 , 1
    6 , 1
    7 , 35
  1
    0  // PATHS
    5
    0 , 42
    1 , 21
    2 , 0
    3 , 0
    4 , 0
    5 , 0
    6 , 6
    7 , 31
  2
    1 // ERROR CONE
    9
    0 , 35
    1 , 20
    2 , 6
    3 , 2
    4 , 0
    5 , 0
    6 , 2
    7 , 35
  3
    0  // PATHS
    3
    0 , 36
    1 , 2
    2 , 0
    3 , 0
    4 , 0
    5 , 0
    6 , 6
    7 , 56
  4
    1 // ERROR CONE
    7
    0 , 26
    1 , 0
    2 , 0
    3 , 0
    4 , 0
    5 , 0
    6 , 11
    7 , 63
  5
    0  // PATHS
    1
    0 , 17
    1 , 1
    2 , 1
    3 , 0
    4 , 0
    5 , 0
    6 , 1
    7 , 80
  6
    1 // ERROR CONE
    8
    0 , 15
    1 , 1
    2 , 0
    3 , 0
    4 , 0
    5 , 3
    6 , 6
    7 , 75
  7
    0  // PATHS
    2
    0 , 15
    1 , 11
    2 , 2
    3 , 0
    4 , 0
    5 , 0
    6 , 2
    7 , 70
  8
    1 // ERROR CONE
    6
    0 , 6
    1 , 0
    2 , 0
    3 , 0
    4 , 0
    5 , 1
    6 , 25
    7 , 68
  9
    0  // PATHS
    0
    0 , 2
    1 , 0
    2 , 0
    3 , 0
    4 , 0
    5 , 2
    6 , 40
    7 , 56
  10
    1 // ERROR CONE
    10
    0 , 1
    1 , 0
    2 , 0
    3 , 0
    4 , 0
    5 , 1
    6 , 80
    7 , 18
  11
    0  // PATHS
    4
    0 , 1
    1 , 1
    2 , 1
    3 , 0
    4 , 1
    5 , 1
    6 , 70
    7 , 25
#EXP_STOP

#EXP_START
  0
    0  // PATHS
    5
    0 , 70
    1 , 0
    2 , 0
    3 , 0
    4 , 0
    5 , 0
    6 , 5
    7 , 25
  1
    1 // ERROR CONE
    11
    0 , 60
    1 , 0
    2 , 0
    3 , 0
    4 , 0
    5 , 0
    6 , 1
    7 , 39
  2
    0  // PATHS
    3
    0 , 26
    1 , 0
    2 , 0
    3 , 0
    4 , 0
    5 , 0
    6 , 5
    7 , 69
  3
    1 // ERROR CONE
    9
    0 , 35
    1 , 0
    2 , 0
    3 , 0
    4 , 0
    5 , 0
    6 , 5
    7 , 60
  4
    0  // PATHS
    1
    0 , 15
    1 , 0
    2 , 0
    3 , 0
    4 , 0
    5 , 0
    6 , 0
    7 , 85
  5
    1 // ERROR CONE
    7
    0 , 3
    1 , 0
    2 , 0
    3 , 0
    4 , 0
    5 , 0
    6 , 0
    7 , 97
  6
    0  // PATHS
    2
    0 , 20
    1 , 10
    2 , 0
    3 , 0
    4 , 0
    5 , 0
    6 , 0
    7 , 70
  7
    1 // ERROR CONE
    8
    0 , 15
    1 , 5
    2 , 0
    3 , 0
    4 , 0
    5 , 0
    6 , 0
    7 , 80
  8
    0  // PATHS
    0
    0 , 0
    1 , 0
    2 , 0
    3 , 0
    4 , 0
    5 , 5
    6 , 45
    7 , 50
  9
    1 // ERROR CONE
    6
    0 , 0
    1 , 0
    2 , 0
    3 , 0
    4 , 0
    5 , 0
    6 , 35
    7 , 65
  10
    0  // PATHS
    4
    0 , 0
    1 , 0
    2 , 0
    3 , 0
    4 , 1
    5 , 5
    6 , 69
    7 , 25
  11
    1 // ERROR CONE
    10
    0 , 0
    1 , 0
    2 , 0
    3 , 0
    4 , 0
    5 , 0
    6 , 65
    7 , 35
#EXP_STOP

#EXP_START
  0
    1 // ERROR CONE
    11
    0 , 50
    1 , 1
    2 , 0
    3 , 0
    4 , 0
    5 , 0
    6 , 1
    7 , 48
  1
    0  // PATHS
    5
    0 , 55
    1 , 2
    2 , 0
    3 , 0
    4 , 0
    5 , 0
    6 , 2
    7 , 41
  2
    1 // ERROR CONE
    9
    0 , 37
    1 , 0
    2 , 0
    3 , 0
    4 , 0
    5 , 0
    6 , 0
    7 , 63
  3
    0  // PATHS
    3
    0 , 38
    1 , 0
    2 , 0
    3 , 0
    4 , 0
    5 , 0
    6 , 1
    7 , 61
  4
    1 // ERROR CONE
    7
    0 , 6
    1 , 0
    2 , 0
    3 , 0
    4 , 0
    5 , 0
    6 , 1
    7 , 93
  5
    0  // PATHS
    1
    0 , 15
    1 , 0
    2 , 0
    3 , 0
    4 , 0
    5 , 0
    6 , 1
    7 , 84
  6
    1 // ERROR CONE
    8
    0 , 26
    1 , 1
    2 , 0
    3 , 0
    4 , 0
    5 , 0
    6 , 0
    7 , 73
  7
    0  // PATHS
    2
    0 , 19
    1 , 5
    2 , 0
    3 , 0
    4 , 0
    5 , 0
    6 , 0
    7 , 76
  8
    1 // ERROR CONE
    6
    0 , 0
    1 , 0
    2 , 0
    3 , 0
    4 , 0
    5 , 10
    6 , 37
    7 , 53
  9
    0  // PATHS
    0
    0 , 0
    1 , 0
    2 , 0
    3 , 0
    4 , 0
    5 , 1
    6 , 41
    7 , 58
  10
    1 // ERROR CONE
    10
    0 , 0
    1 , 0
    2 , 0
    3 , 0
    4 , 0
    5 , 1
    6 , 71
    7 , 28
  11
    0  // PATHS
    4
    0 , 0
    1 , 0
    2 , 0
    3 , 0
    4 , 0
    5 , 1
    6 , 74
    7 , 25
#EXP_STOP

#EXP_START
  0
    0  // PATHS
    5
    0 , 50
    1 , 8
    2 , 5
    3 , 0
    4 , 0
    5 , 0
    6 , 6
    7 , 31
  1
    1 // ERROR CONE
    11
    0 , 45
    1 , 5
    2 , 1
    3 , 1
    4 , 1
    5 , 1
    6 , 1
    7 , 45
  2
    0  // PATHS
    3
    0 , 30
    1 , 5
    2 , 1
    3 , 1
    4 , 1
    5 , 1
    6 , 6
    7 , 55
  3
    1 // ERROR CONE
    9
    0 , 32
    1 , 5
    2 , 1
    3 , 5
    4 , 1
    5 , 1
    6 , 5
    7 , 50
  4
    0  // PATHS
    1
    0 , 30
    1 , 0
    2 , 0
    3 , 0
    4 , 0
    5 , 0
    6 , 0
    7 , 70
  5
    1 // ERROR CONE
    7
    0 , 5
    1 , 5
    2 , 1
    3 , 1
    4 , 1
    5 , 1
    6 , 6
    7 , 80
  6
    0  // PATHS
    2
    0 , 25
    1 , 5
    2 , 0
    3 , 0
    4 , 0
    5 , 0
    6 , 0
    7 , 70
  7
    1 // ERROR CONE
    8
    0 , 20
    1 , 0
    2 , 1
    3 , 1
    4 , 1
    5 , 1
    6 , 1
    7 , 75
  8
    0  // PATHS
    0
    0 , 4
    1 , 0
    2 , 0
    3 , 0
    4 , 0
    5 , 6
    6 , 55
    7 , 35
  9
    1 // ERROR CONE
    6
    0 , 1
    1 , 1
    2 , 1
    3 , 1
    4 , 1
    5 , 0
    6 , 40
    7 , 55
  10
    0  // PATHS
    4
    0 , 1
    1 , 1
    2 , 1
    3 , 1
    4 , 1
    5 , 5
    6 , 60
    7 , 30
  11
    1 // ERROR CONE
    10
    0 , 1
    1 , 1
    2 , 5
    3 , 1
    4 , 1
    5 , 1
    6 , 70
    7 , 20
#EXP_STOP

#EXP_START
  0
    1 // ERROR CONE
    11
    0 , 67
    1 , 1
    2 , 0
    3 , 0
    4 , 0
    5 , 0
    6 , 0
    7 , 32
  1
    0  // PATHS
    5
    0 , 64
    1 , 0
    2 , 0
    3 , 0
    4 , 0
    5 , 0
    6 , 0
    7 , 36
  2
    1 // ERROR CONE
    9
    0 , 35
    1 , 0
    2 , 0
    3 , 0
    4 , 0
    5 , 0
    6 , 0
    7 , 65
  3
    0  // PATHS
    3
    0 , 29
    1 , 0
    2 , 0
    3 , 0
    4 , 0
    5 , 0
    6 , 0
    7 , 71
  4
    1 // ERROR CONE
    7
    0 , 0
    1 , 0
    2 , 0
    3 , 0
    4 , 0
    5 , 0
    6 , 2
    7 , 98
  5
    0  // PATHS
    1
    0 , 9
    1 , 0
    2 , 0
    3 , 0
    4 , 0
    5 , 0
    6 , 1
    7 , 90
  6
    1 // ERROR CONE
    8
    0 , 10
    1 , 0
    2 , 0
    3 , 0
    4 , 0
    5 , 0
    6 , 2
    7 , 88
  7
    0  // PATHS
    2
    0 , 8
    1 , 2
    2 , 0
    3 , 0
    4 , 0
    5 , 0
    6 , 0
    7 , 90
  8
    1 // ERROR CONE
    6
    0 , 5
    1 , 0
    2 , 0
    3 , 0
    4 , 0
    5 , 0
    6 , 25
    7 , 70
  9
    0  // PATHS
    0
    0 , 1
    1 , 0
    2 , 0
    3 , 0
    4 , 0
    5 , 0
    6 , 15
    7 , 84
  10
    1 // ERROR CONE
    10
    0 , 0
    1 , 0
    2 , 0
    3 , 0
    4 , 0
    5 , 0
    6 , 90
    7 , 10
  11
    0  // PATHS
    4
    0 , 0
    1 , 0
    2 , 0
    3 , 0
    4 , 0
    5 , 0
    6 , 73
    7 , 27
#EXP_STOP

#EXP_START
  0
    0  // PATHS
    5
    0 , 67
    1 , 10
    2 , 0
    3 , 0
    4 , 0
    5 , 0
    6 , 0
    7 , 23
  1
    1 // ERROR CONE
    11
    0 , 66
    1 , 20
    2 , 0
    3 , 0
    4 , 0
    5 , 0
    6 , 0
    7 , 14
  2
    0  // PATHS
    3
    0 , 35
    1 , 0
    2 , 0
    3 , 0
    4 , 0
    5 , 0
    6 , 0
    7 , 65
  3
    1 // ERROR CONE
    9
    0 , 64
    1 , 0
    2 , 0
    3 , 0
    4 , 0
    5 , 0
    6 , 0
    7 , 36
  4
    0  // PATHS
    1
    0 , 25
    1 , 0
    2 , 0
    3 , 0
    4 , 0
    5 , 0
    6 , 0
    7 , 75
  5
    1 // ERROR CONE
    7
    0 , 20
    1 , 0
    2 , 0
    3 , 0
    4 , 0
    5 , 0
    6 , 5
    7 , 75
  6
    0  // PATHS
    2
    0 , 30
    1 , 0
    2 , 0
    3 , 0
    4 , 0
    5 , 0
    6 , 0
    7 , 70
  7
    1 // ERROR CONE
    8
    0 , 20
    1 , 0
    2 , 0
    3 , 0
    4 , 0
    5 , 0
    6 , 0
    7 , 80
  8
    0  // PATHS
    0
    0 , 20
    1 , 0
    2 , 0
    3 , 0
    4 , 0
    5 , 0
    6 , 21
    7 , 59
  9
    1 // ERROR CONE
    6
    0 , 16
    1 , 0
    2 , 0
    3 , 0
    4 , 0
    5 , 0
    6 , 19
    7 , 65
  10
    0  // PATHS
    4
    0 , 0
    1 , 0
    2 , 0
    3 , 0
    4 , 0
    5 , 0
    6 , 63
    7 , 37
  11
    1 // ERROR CONE
    10
    0 , 0
    1 , 0
    2 , 0
    3 , 0
    4 , 0
    5 , 0
    6 , 53
    7 , 47
#EXP_STOP

#EXP_START
  0
    1 // ERROR CONE
    11
    0 , 50
    1 , 0
    2 , 0
    3 , 0
    4 , 0
    5 , 0
    6 , 0
    7 , 50
  1
    0  // PATHS
    5
    0 , 55
    1 , 0
    2 , 0
    3 , 0
    4 , 0
    5 , 0
    6 , 0
    7 , 45
  2
    1 // ERROR CONE
    9
    0 , 25
    1 , 0
    2 , 0
    3 , 0
    4 , 0
    5 , 0
    6 , 0
    7 , 75
  3
    0  // PATHS
    3
    0 , 15
    1 , 0
    2 , 0
    3 , 0
    4 , 0
    5 , 0
    6 , 0
    7 , 85
  4
    1 // ERROR CONE
    7
    0 , 0
    1 , 0
    2 , 0
    3 , 0
    4 , 0
    5 , 0
    6 , 0
    7 , 100
  5
    0  // PATHS
    1
    0 , 5
    1 , 0
    2 , 0
    3 , 0
    4 , 0
    5 , 0
    6 , 0
    7 , 95
  6
    1 // ERROR CONE
    8
    0 , 10
    1 , 0
    2 , 0
    3 , 0
    4 , 0
    5 , 0
    6 , 0
    7 , 90
  7
    0  // PATHS
    2
    0 , 15
    1 , 2
    2 , 0
    3 , 0
    4 , 0
    5 , 0
    6 , 0
    7 , 83
  8
    1 // ERROR CONE
    6
    0 , 0
    1 , 0
    2 , 0
    3 , 0
    4 , 0
    5 , 0
    6 , 75
    7 , 25
  9
    0  // PATHS
    0
    0 , 0
    1 , 0
    2 , 0
    3 , 0
    4 , 0
    5 , 0
    6 , 70
    7 , 30
  10
    1 // ERROR CONE
    10
    0 , 0
    1 , 0
    2 , 0
    3 , 0
    4 , 0
    5 , 0
    6 , 100
    7 , 0
  11
    0  // PATHS
    4
    0 , 0
    1 , 0
    2 , 0
    3 , 0
    4 , 0
    5 , 0
    6 , 97
    7 , 3
#EXP_STOP

#EXP_START
  0
    0  // PATHS
    5
    0 , 36
    1 , 10
    2 , 1
    3 , 1
    4 , 1
    5 , 1
    6 , 10
    7 , 40
  1
    1 // ERROR CONE
    11
    0 , 20
    1 , 15
    2 , 10
    3 , 5
    4 , 5
    5 , 10
    6 , 15
    7 , 20
  2
    0  // PATHS
    3
    0 , 50
    1 , 0
    2 , 0
    3 , 0
    4 , 0
    5 , 0
    6 , 0
    7 , 50
  3
    1 // ERROR CONE
    9
    0 , 30
    1 , 10
    2 , 5
    3 , 5
    4 , 5
    5 , 5
    6 , 10
    7 , 30
  4
    0  // PATHS
    1
    0 , 30
    1 , 0
    2 , 0
    3 , 0
    4 , 0
    5 , 0
    6 , 30
    7 , 40
  5
    1 // ERROR CONE
    7
    0 , 27
    1 , 0
    2 , 0
    3 , 0
    4 , 0
    5 , 0
    6 , 27
    7 , 46
  6
    0  // PATHS
    2
    0 , 42
    1 , 0
    2 , 0
    3 , 0
    4 , 0
    5 , 0
    6 , 0
    7 , 58
  7
    1 // ERROR CONE
    8
    0 , 20
    1 , 5
    2 , 0
    3 , 0
    4 , 5
    5 , 20
    6 , 20
    7 , 30
  8
    0  // PATHS
    0
    0 , 13
    1 , 0
    2 , 0
    3 , 0
    4 , 0
    5 , 0
    6 , 35
    7 , 52
  9
    1 // ERROR CONE
    6
    0 , 26
    1 , 11
    2 , 0
    3 , 0
    4 , 0
    5 , 11
    6 , 26
    7 , 26
  10
    0  // PATHS
    4
    0 , 1
    1 , 0
    2 , 0
    3 , 0
    4 , 0
    5 , 4
    6 , 55
    7 , 40
  11
    1 // ERROR CONE
    10
    0 , 10
    1 , 5
    2 , 0
    3 , 0
    4 , 5
    5 , 10
    6 , 40
    7 , 30
#EXP_STOP

#EXP_START
  0
    1 // ERROR CONE
    11
    0 , 35
    1 , 10
    2 , 5
    3 , 0
    4 , 0
    5 , 5
    6 , 10
    7 , 35
  1
    0  // PATHS
    5
    0 , 44
    1 , 5
    2 , 0
    3 , 0
    4 , 0
    5 , 1
    6 , 5
    7 , 45
  2
    1 // ERROR CONE
    9
    0 , 40
    1 , 10
    2 , 0
    3 , 0
    4 , 0
    5 , 0
    6 , 10
    7 , 40
  3
    0  // PATHS
    3
    0 , 44
    1 , 1
    2 , 0
    3 , 0
    4 , 0
    5 , 0
    6 , 5
    7 , 50
  4
    1 // ERROR CONE
    7
    0 , 15
    1 , 1
    2 , 0
    3 , 0
    4 , 0
    5 , 0
    6 , 4
    7 , 80
  5
    0  // PATHS
    1
    0 , 19
    1 , 0
    2 , 0
    3 , 0
    4 , 0
    5 , 0
    6 , 1
    7 , 80
  6
    1 // ERROR CONE
    8
    0 , 21
    1 , 2
    2 , 0
    3 , 0
    4 , 0
    5 , 0
    6 , 16
    7 , 61
  7
    0  // PATHS
    2
    0 , 25
    1 , 10
    2 , 2
    3 , 0
    4 , 0
    5 , 0
    6 , 0
    7 , 63
  8
    1 // ERROR CONE
    6
    0 , 0
    1 , 0
    2 , 0
    3 , 0
    4 , 0
    5 , 0
    6 , 50
    7 , 50
  9
    0  // PATHS
    0
    0 , 2
    1 , 0
    2 , 0
    3 , 0
    4 , 0
    5 , 0
    6 , 43
    7 , 55
  10
    1 // ERROR CONE
    10
    0 , 2
    1 , 0
    2 , 0
    3 , 0
    4 , 0
    5 , 5
    6 , 62
    7 , 31
  11
    0  // PATHS
    4
    0 , 0
    1 , 0
    2 , 0
    3 , 0
    4 , 1
    5 , 2
    6 , 65
    7 , 32
#EXP_STOP

#EXP_START
  0
    0  // PATHS
    5
    0 , 46
    1 , 13
    2 , 0
    3 , 0
    4 , 0
    5 , 0
    6 , 5
    7 , 36
  1
    1 // ERROR CONE
    11
    0 , 43
    1 , 15
    2 , 0
    3 , 0
    4 , 0
    5 , 0
    6 , 1
    7 , 41
  2
    0  // PATHS
    3
    0 , 35
    1 , 5
    2 , 0
    3 , 0
    4 , 0
    5 , 0
    6 , 5
    7 , 55
  3
    1 // ERROR CONE
    9
    0 , 65
    1 , 1
    2 , 0
    3 , 0
    4 , 0
    5 , 0
    6 , 1
    7 , 33
  4
    0  // PATHS
    1
    0 , 25
    1 , 1
    2 , 0
    3 , 0
    4 , 0
    5 , 0
    6 , 4
    7 , 70
  5
    1 // ERROR CONE
    7
    0 , 20
    1 , 1
    2 , 0
    3 , 0
    4 , 0
    5 , 0
    6 , 1
    7 , 78
  6
    0  // PATHS
    2
    0 , 25
    1 , 10
    2 , 0
    3 , 0
    4 , 0
    5 , 0
    6 , 5
    7 , 60
  7
    1 // ERROR CONE
    8
    0 , 23
    1 , 1
    2 , 0
    3 , 0
    4 , 0
    5 , 0
    6 , 1
    7 , 75
  8
    0  // PATHS
    0
    0 , 10
    1 , 0
    2 , 0
    3 , 0
    4 , 0
    5 , 10
    6 , 39
    7 , 41
  9
    1 // ERROR CONE
    6
    0 , 1
    1 , 0
    2 , 0
    3 , 0
    4 , 0
    5 , 1
    6 , 25
    7 , 73
  10
    0  // PATHS
    4
    0 , 1
    1 , 0
    2 , 0
    3 , 0
    4 , 1
    5 , 1
    6 , 57
    7 , 40
  11
    1 // ERROR CONE
    10
    0 , 1
    1 , 0
    2 , 0
    3 , 0
    4 , 0
    5 , 1
    6 , 53
    7 , 45
#EXP_STOP

#EXP_START
  0
    1 // ERROR CONE
    11
    0 , 53
    1 , 0
    2 , 0
    3 , 0
    4 , 0
    5 , 0
    6 , 0
    7 , 47
  1
    0  // PATHS
    5
    0 , 55
    1 , 0
    2 , 0
    3 , 0
    4 , 0
    5 , 0
    6 , 0
    7 , 45
  2
    1 // ERROR CONE
    9
    0 , 30
    1 , 0
    2 , 0
    3 , 0
    4 , 0
    5 , 0
    6 , 0
    7 , 70
  3
    0  // PATHS
    3
    0 , 25
    1 , 0
    2 , 0
    3 , 0
    4 , 0
    5 , 0
    6 , 0
    7 , 75
  4
    1 // ERROR CONE
    7
    0 , 0
    1 , 0
    2 , 0
    3 , 0
    4 , 0
    5 , 0
    6 , 0
    7 , 100
  5
    0  // PATHS
    1
    0 , 10
    1 , 0
    2 , 0
    3 , 0
    4 , 0
    5 , 0
    6 , 0
    7 , 90
  6
    1 // ERROR CONE
    8
    0 , 10
    1 , 0
    2 , 0
    3 , 0
    4 , 0
    5 , 0
    6 , 0
    7 , 90
  7
    0  // PATHS
    2
    0 , 15
    1 , 3
    2 , 2
    3 , 0
    4 , 0
    5 , 0
    6 , 0
    7 , 80
  8
    1 // ERROR CONE
    6
    0 , 0
    1 , 0
    2 , 0
    3 , 0
    4 , 0
    5 , 0
    6 , 30
    7 , 70
  9
    0  // PATHS
    0
    0 , 1
    1 , 0
    2 , 0
    3 , 0
    4 , 0
    5 , 1
    6 , 43
    7 , 55
  10
    1 // ERROR CONE
    10
    0 , 0
    1 , 0
    2 , 0
    3 , 0
    4 , 0
    5 , 0
    6 , 75
    7 , 25
  11
    0  // PATHS
    4
    0 , 1
    1 , 0
    2 , 0
    3 , 0
    4 , 0
    5 , 1
    6 , 65
    7 , 33
#EXP_STOP

#EXP_START
  0
    0  // PATHS
    5
    0 , 52
    1 , 2
    2 , 0
    3 , 0
    4 , 0
    5 , 0
    6 , 1
    7 , 45
  1
    1 // ERROR CONE
    11
    0 , 52
    1 , 0
    2 , 0
    3 , 0
    4 , 0
    5 , 0
    6 , 0
    7 , 48
  2
    0  // PATHS
    3
    0 , 37
    1 , 1
    2 , 0
    3 , 0
    4 , 0
    5 , 0
    6 , 2
    7 , 60
  3
    1 // ERROR CONE
    9
    0 , 38
    1 , 0
    2 , 0
    3 , 0
    4 , 0
    5 , 0
    6 , 0
    7 , 62
  4
    0  // PATHS
    1
    0 , 35
    1 , 0
    2 , 0
    3 , 0
    4 , 0
    5 , 0
    6 , 1
    7 , 64
  5
    1 // ERROR CONE
    7
    0 , 0
    1 , 0
    2 , 0
    3 , 0
    4 , 0
    5 , 0
    6 , 0
    7 , 100
  6
    0  // PATHS
    2
    0 , 21
    1 , 5
    2 , 0
    3 , 0
    4 , 0
    5 , 0
    6 , 0
    7 , 74
  7
    1 // ERROR CONE
    8
    0 , 20
    1 , 0
    2 , 0
    3 , 0
    4 , 0
    5 , 0
    6 , 0
    7 , 80
  8
    0  // PATHS
    0
    0 , 2
    1 , 0
    2 , 0
    3 , 0
    4 , 0
    5 , 1
    6 , 37
    7 , 60
  9
    1 // ERROR CONE
    6
    0 , 0
    1 , 0
    2 , 0
    3 , 0
    4 , 0
    5 , 0
    6 , 37
    7 , 63
  10
    0  // PATHS
    4
    0 , 1
    1 , 1
    2 , 1
    3 , 1
    4 , 1
    5 , 5
    6 , 60
    7 , 30
  11
    1 // ERROR CONE
    10
    0 , 0
    1 , 0
    2 , 0
    3 , 0
    4 , 0
    5 , 0
    6 , 70
    7 , 30
#EXP_STOP

#EXP_START
  0
    1 // ERROR CONE
    11
    0 , 62
    1 , 0
    2 , 0
    3 , 0
    4 , 0
    5 , 0
    6 , 0
    7 , 38
  1
    0  // PATHS
    5
    0 , 68
    1 , 0
    2 , 0
    3 , 0
    4 , 0
    5 , 0
    6 , 0
    7 , 32
  2
    1 // ERROR CONE
    9
    0 , 30
    1 , 0
    2 , 0
    3 , 0
    4 , 0
    5 , 0
    6 , 0
    7 , 70
  3
    0  // PATHS
    3
    0 , 20
    1 , 0
    2 , 0
    3 , 0
    4 , 0
    5 , 0
    6 , 0
    7 , 80
  4
    1 // ERROR CONE
    7
    0 , 0
    1 , 0
    2 , 0
    3 , 0
    4 , 0
    5 , 0
    6 , 0
    7 , 100
  5
    0  // PATHS
    1
    0 , 11
    1 , 0
    2 , 0
    3 , 0
    4 , 0
    5 , 0
    6 , 0
    7 , 89
  6
    1 // ERROR CONE
    8
    0 , 23
    1 , 0
    2 , 0
    3 , 0
    4 , 0
    5 , 0
    6 , 0
    7 , 77
  7
    0  // PATHS
    2
    0 , 46
    1 , 0
    2 , 0
    3 , 0
    4 , 0
    5 , 0
    6 , 0
    7 , 54
  8
    1 // ERROR CONE
    6
    0 , 0
    1 , 0
    2 , 0
    3 , 0
    4 , 0
    5 , 0
    6 , 40
    7 , 60
  9
    0  // PATHS
    0
    0 , 0
    1 , 0
    2 , 0
    3 , 0
    4 , 0
    5 , 0
    6 , 49
    7 , 51
  10
    1 // ERROR CONE
    10
    0 , 0
    1 , 0
    2 , 0
    3 , 0
    4 , 0
    5 , 0
    6 , 65
    7 , 35
  11
    0  // PATHS
    4
    0 , 0
    1 , 0
    2 , 0
    3 , 0
    4 , 0
    5 , 0
    6 , 81
    7 , 19
#EXP_STOP

#EXP_START
  0
    0  // PATHS
    5
    0 , 70
    1 , 25
    2 , 0
    3 , 0
    4 , 0
    5 , 0
    6 , 0
    7 , 5
  1
    1 // ERROR CONE
    11
    0 , 54
    1 , 41
    2 , 0
    3 , 0
    4 , 0
    5 , 0
    6 , 0
    7 , 5
  2
    0  // PATHS
    3
    0 , 55
    1 , 0
    2 , 0
    3 , 0
    4 , 0
    5 , 0
    6 , 0
    7 , 45
  3
    1 // ERROR CONE
    9
    0 , 75
    1 , 0
    2 , 0
    3 , 0
    4 , 0
    5 , 0
    6 , 0
    7 , 25
  4
    0  // PATHS
    1
    0 , 25
    1 , 0
    2 , 0
    3 , 0
    4 , 0
    5 , 0
    6 , 30
    7 , 45
  5
    1 // ERROR CONE
    7
    0 , 13
    1 , 0
    2 , 0
    3 , 0
    4 , 0
    5 , 0
    6 , 12
    7 , 75
  6
    0  // PATHS
    2
    0 , 35
    1 , 0
    2 , 0
    3 , 0
    4 , 0
    5 , 0
    6 , 10
    7 , 55
  7
    1 // ERROR CONE
    8
    0 , 30
    1 , 0
    2 , 0
    3 , 0
    4 , 0
    5 , 0
    6 , 15
    7 , 55
  8
    0  // PATHS
    0
    0 , 40
    1 , 0
    2 , 0
    3 , 0
    4 , 0
    5 , 0
    6 , 10
    7 , 50
  9
    1 // ERROR CONE
    6
    0 , 20
    1 , 0
    2 , 0
    3 , 0
    4 , 0
    5 , 0
    6 , 5
    7 , 75
  10
    0  // PATHS
    4
    0 , 0
    1 , 0
    2 , 0
    3 , 0
    4 , 0
    5 , 0
    6 , 50
    7 , 50
  11
    1 // ERROR CONE
    10
    0 , 0
    1 , 0
    2 , 0
    3 , 0
    4 , 0
    5 , 0
    6 , 35
    7 , 65
#EXP_STOP

#EXP_START
  0
    1 // ERROR CONE
    11
    0 , 45
    1 , 5
    2 , 0
    3 , 0
    4 , 0
    5 , 0
    6 , 25
    7 , 25
  1
    0  // PATHS
    5
    0 , 43
    1 , 5
    2 , 2
    3 , 0
    4 , 0
    5 , 0
    6 , 20
    7 , 30
  2
    1 // ERROR CONE
    9
    0 , 49
    1 , 0
    2 , 0
    3 , 0
    4 , 0
    5 , 0
    6 , 0
    7 , 51
  3
    0  // PATHS
    3
    0 , 25
    1 , 0
    2 , 0
    3 , 0
    4 , 0
    5 , 0
    6 , 25
    7 , 50
  4
    1 // ERROR CONE
    7
    0 , 15
    1 , 0
    2 , 0
    3 , 0
    4 , 0
    5 , 0
    6 , 5
    7 , 80
  5
    0  // PATHS
    1
    0 , 30
    1 , 1
    2 , 0
    3 , 0
    4 , 0
    5 , 0
    6 , 4
    7 , 65
  6
    1 // ERROR CONE
    8
    0 , 21
    1 , 0
    2 , 0
    3 , 0
    4 , 0
    5 , 0
    6 , 25
    7 , 54
  7
    0  // PATHS
    2
    0 , 30
    1 , 16
    2 , 3
    3 , 1
    4 , 0
    5 , 0
    6 , 0
    7 , 50
  8
    1 // ERROR CONE
    6
    0 , 5
    1 , 0
    2 , 0
    3 , 0
    4 , 0
    5 , 5
    6 , 35
    7 , 55
  9
    0  // PATHS
    0
    0 , 4
    1 , 0
    2 , 0
    3 , 0
    4 , 0
    5 , 1
    6 , 35
    7 , 60
  10
    1 // ERROR CONE
    10
    0 , 6
    1 , 0
    2 , 0
    3 , 0
    4 , 0
    5 , 5
    6 , 54
    7 , 35
  11
    0  // PATHS
    4
    0 , 1
    1 , 1
    2 , 1
    3 , 1
    4 , 1
    5 , 5
    6 , 65
    7 , 25
#EXP_STOP

#EXP_START
  0
    0  // PATHS
    5
    0 , 45
    1 , 5
    2 , 0
    3 , 0
    4 , 0
    5 , 0
    6 , 15
    7 , 35
  1
    1 // ERROR CONE
    11
    0 , 60
    1 , 0
    2 , 0
    3 , 0
    4 , 0
    5 , 0
    6 , 0
    7 , 40
  2
    0  // PATHS
    3
    0 , 20
    1 , 1
    2 , 0
    3 , 0
    4 , 0
    5 , 0
    6 , 4
    7 , 75
  3
    1 // ERROR CONE
    9
    0 , 25
    1 , 0
    2 , 0
    3 , 0
    4 , 0
    5 , 0
    6 , 0
    7 , 75
  4
    0  // PATHS
    1
    0 , 15
    1 , 0
    2 , 0
    3 , 0
    4 , 0
    5 , 0
    6 , 0
    7 , 85
  5
    1 // ERROR CONE
    7
    0 , 0
    1 , 0
    2 , 0
    3 , 0
    4 , 0
    5 , 0
    6 , 0
    7 , 100
  6
    0  // PATHS
    2
    0 , 30
    1 , 20
    2 , 0
    3 , 0
    4 , 0
    5 , 0
    6 , 0
    7 , 50
  7
    1 // ERROR CONE
    8
    0 , 25
    1 , 0
    2 , 0
    3 , 0
    4 , 0
    5 , 0
    6 , 0
    7 , 75
  8
    0  // PATHS
    0
    0 , 2
    1 , 0
    2 , 0
    3 , 0
    4 , 0
    5 , 0
    6 , 40
    7 , 58
  9
    1 // ERROR CONE
    6
    0 , 0
    1 , 0
    2 , 0
    3 , 0
    4 , 0
    5 , 0
    6 , 30
    7 , 70
  10
    0  // PATHS
    4
    0 , 1
    1 , 1
    2 , 1
    3 , 1
    4 , 1
    5 , 5
    6 , 75
    7 , 15
  11
    1 // ERROR CONE
    10
    0 , 0
    1 , 0
    2 , 0
    3 , 0
    4 , 0
    5 , 0
    6 , 70
    7 , 30
#EXP_STOP

#EXP_START
  0
    1 // ERROR CONE
    11
    0 , 50
    1 , 5
    2 , 0
    3 , 0
    4 , 0
    5 , 0
    6 , 0
    7 , 45
  1
    0  // PATHS
    5
    0 , 40
    1 , 1
    2 , 0
    3 , 0
    4 , 0
    5 , 0
    6 , 14
    7 , 45
  2
    1 // ERROR CONE
    9
    0 , 38
    1 , 1
    2 , 0
    3 , 0
    4 , 0
    5 , 0
    6 , 1
    7 , 60
  3
    0  // PATHS
    3
    0 , 26
    1 , 1
    2 , 0
    3 , 0
    4 , 0
    5 , 0
    6 , 13
    7 , 60
  4
    1 // ERROR CONE
    7
    0 , 12
    1 , 0
    2 , 0
    3 , 0
    4 , 0
    5 , 0
    6 , 12
    7 , 76
  5
    0  // PATHS
    1
    0 , 27
    1 , 2
    2 , 0
    3 , 0
    4 , 0
    5 , 0
    6 , 1
    7 , 70
  6
    1 // ERROR CONE
    8
    0 , 30
    1 , 2
    2 , 0
    3 , 0
    4 , 0
    5 , 0
    6 , 2
    7 , 66
  7
    0  // PATHS
    2
    0 , 30
    1 , 19
    2 , 1
    3 , 0
    4 , 0
    5 , 0
    6 , 0
    7 , 50
  8
    1 // ERROR CONE
    6
    0 , 5
    1 , 0
    2 , 0
    3 , 0
    4 , 0
    5 , 5
    6 , 33
    7 , 57
  9
    0  // PATHS
    0
    0 , 1
    1 , 0
    2 , 0
    3 , 0
    4 , 0
    5 , 1
    6 , 38
    7 , 60
  10
    1 // ERROR CONE
    10
    0 , 2
    1 , 0
    2 , 0
    3 , 0
    4 , 0
    5 , 2
    6 , 66
    7 , 30
  11
    0  // PATHS
    4
    0 , 1
    1 , 1
    2 , 0
    3 , 0
    4 , 1
    5 , 2
    6 , 60
    7 , 35
#EXP_STOP

#EXP_START
  0
    0  // PATHS
    5
    0 , 45
    1 , 2
    2 , 0
    3 , 0
    4 , 0
    5 , 1
    6 , 5
    7 , 47
  1
    1 // ERROR CONE
    11
    0 , 40
    1 , 0
    2 , 0
    3 , 0
    4 , 0
    5 , 0
    6 , 0
    7 , 60
  2
    0  // PATHS
    3
    0 , 37
    1 , 0
    2 , 0
    3 , 0
    4 , 0
    5 , 0
    6 , 1
    7 , 62
  3
    1 // ERROR CONE
    9
    0 , 30
    1 , 0
    2 , 0
    3 , 0
    4 , 0
    5 , 0
    6 , 0
    7 , 70
  4
    0  // PATHS
    1
    0 , 29
    1 , 0
    2 , 0
    3 , 0
    4 , 0
    5 , 0
    6 , 1
    7 , 70
  5
    1 // ERROR CONE
    7
    0 , 3
    1 , 0
    2 , 0
    3 , 0
    4 , 0
    5 , 0
    6 , 0
    7 , 97
  6
    0  // PATHS
    2
    0 , 30
    1 , 2
    2 , 1
    3 , 1
    4 , 0
    5 , 0
    6 , 1
    7 , 65
  7
    1 // ERROR CONE
    8
    0 , 15
    1 , 0
    2 , 0
    3 , 0
    4 , 0
    5 , 0
    6 , 0
    7 , 85
  8
    0  // PATHS
    0
    0 , 0
    1 , 0
    2 , 0
    3 , 0
    4 , 0
    5 , 1
    6 , 44
    7 , 55
  9
    1 // ERROR CONE
    6
    0 , 0
    1 , 0
    2 , 0
    3 , 0
    4 , 0
    5 , 0
    6 , 44
    7 , 56
  10
    0  // PATHS
    4
    0 , 1
    1 , 1
    2 , 1
    3 , 1
    4 , 1
    5 , 5
    6 , 60
    7 , 30
  11
    1 // ERROR CONE
    10
    0 , 0
    1 , 0
    2 , 0
    3 , 0
    4 , 0
    5 , 0
    6 , 80
    7 , 20
#EXP_STOP

#EXP_START
  0
    1 // ERROR CONE
    11
    0 , 54
    1 , 0
    2 , 0
    3 , 0
    4 , 0
    5 , 0
    6 , 0
    7 , 46
  1
    0  // PATHS
    5
    0 , 60
    1 , 10
    2 , 0
    3 , 0
    4 , 0
    5 , 0
    6 , 0
    7 , 30
  2
    1 // ERROR CONE
    9
    0 , 51
    1 , 0
    2 , 0
    3 , 0
    4 , 0
    5 , 0
    6 , 0
    7 , 49
  3
    0  // PATHS
    3
    0 , 30
    1 , 5
    2 , 0
    3 , 0
    4 , 0
    5 , 0
    6 , 5
    7 , 60
  4
    1 // ERROR CONE
    7
    0 , 17
    1 , 0
    2 , 0
    3 , 0
    4 , 0
    5 , 0
    6 , 0
    7 , 83
  5
    0  // PATHS
    1
    0 , 20
    1 , 0
    2 , 0
    3 , 0
    4 , 0
    5 , 0
    6 , 0
    7 , 80
  6
    1 // ERROR CONE
    8
    0 , 20
    1 , 0
    2 , 0
    3 , 0
    4 , 0
    5 , 0
    6 , 0
    7 , 80
  7
    0  // PATHS
    2
    0 , 30
    1 , 10
    2 , 0
    3 , 0
    4 , 0
    5 , 0
    6 , 0
    7 , 60
  8
    1 // ERROR CONE
    6
    0 , 0
    1 , 0
    2 , 0
    3 , 0
    4 , 0
    5 , 0
    6 , 40
    7 , 60
  9
    0  // PATHS
    0
    0 , 3
    1 , 0
    2 , 0
    3 , 0
    4 , 0
    5 , 2
    6 , 45
    7 , 50
  10
    1 // ERROR CONE
    10
    0 , 0
    1 , 0
    2 , 0
    3 , 0
    4 , 0
    5 , 0
    6 , 70
    7 , 30
  11
    0  // PATHS
    4
    0 , 0
    1 , 0
    2 , 0
    3 , 0
    4 , 0
    5 , 3
    6 , 72
    7 , 25
#EXP_STOP

#EXP_START
  0
    0  // PATHS
    5
    0 , 57
    1 , 6
    2 , 0
    3 , 0
    4 , 0
    5 , 0
    6 , 2
    7 , 35
  1
    1 // ERROR CONE
    11
    0 , 68
    1 , 0
    2 , 0
    3 , 0
    4 , 0
    5 , 0
    6 , 0
    7 , 32
  2
    0  // PATHS
    3
    0 , 41
    1 , 0
    2 , 0
    3 , 0
    4 , 0
    5 , 0
    6 , 7
    7 , 52
  3
    1 // ERROR CONE
    9
    0 , 30
    1 , 0
    2 , 0
    3 , 0
    4 , 0
    5 , 0
    6 , 0
    7 , 70
  4
    0  // PATHS
    1
    0 , 34
    1 , 0
    2 , 0
    3 , 0
    4 , 0
    5 , 0
    6 , 1
    7 , 65
  5
    1 // ERROR CONE
    7
    0 , 0
    1 , 0
    2 , 0
    3 , 0
    4 , 0
    5 , 0
    6 , 0
    7 , 100
  6
    0  // PATHS
    2
    0 , 21
    1 , 7
    2 , 2
    3 , 0
    4 , 0
    5 , 0
    6 , 0
    7 , 70
  7
    1 // ERROR CONE
    8
    0 , 28
    1 , 0
    2 , 0
    3 , 0
    4 , 0
    5 , 0
    6 , 0
    7 , 72
  8
    0  // PATHS
    0
    0 , 5
    1 , 0
    2 , 0
    3 , 0
    4 , 0
    5 , 1
    6 , 30
    7 , 64
  9
    1 // ERROR CONE
    6
    0 , 0
    1 , 0
    2 , 0
    3 , 0
    4 , 0
    5 , 0
    6 , 20
    7 , 80
  10
    0  // PATHS
    4
    0 , 1
    1 , 0
    2 , 0
    3 , 0
    4 , 0
    5 , 1
    6 , 62
    7 , 36
  11
    1 // ERROR CONE
    10
    0 , 0
    1 , 0
    2 , 0
    3 , 0
    4 , 0
    5 , 0
    6 , 75
    7 , 25
#EXP_STOP

