275.0 20.37
24.4   -86.8   -0.951218584148   -1.18894284572
24.4354827284   -87.3669951444   -0.234389678067   0.0
24.4688511356   -87.9342999495   -0.234828019051   0.0
24.5   -88.5   17.0301281778   -0.349332603775
24.6779390557   -89.0233555819   -0.217772776315   0.0
24.8540593135   -89.5481992609   -0.219865529926   0.0
25.0283408087   -90.07453183   -0.22194963612   0.0
25.2   -90.6   3.40135604384   0.239442374974
25.4030255141   -91.1229513244   -0.223501462473   0.0
25.6041952196   -91.6476575614   -0.225923333854   0.0
25.8034859902   -92.1741241624   -0.228340472138   0.0
26.0   -92.7   9.55658763182   -1.48287052564
26.2523865062   -93.1475715661   -0.197089275045   0.0
26.5033800192   -93.5970866868   -0.199716101134   0.0
26.7529589908   -94.0485644192   -0.202353024618   0.0
27.0   -94.5   26.9061956831   1.56453148596
27.4404397556   -94.8038959033   -0.139006849526   0.0
27.8802150147   -95.1102257292   -0.142208462553   0.0
28.3193077868   -95.4190515481   -0.145460837378   0.0
28.7576996535   -95.7304366846   -0.148765381143   0.0
29.195371754   -96.0444457521   -0.15212353249   0.0
29.6323047705   -96.361144688   -0.155536762236   0.0
30.0684789121   -96.6806007891   -0.159006574024   0.0
30.5   -97.0   0.0   0.0
