-0.242309 0.144793
-0.240451 0.173037
-0.238592 0.206048
-0.236733 0.244474
-0.234875 0.289023
-0.233016 0.340464
-0.231157 0.399618
-0.229299 0.467364
-0.22744 0.544631
-0.225581 0.632391
-0.223723 0.731654
-0.221864 0.843456
-0.220005 0.968848
-0.218147 1.10888
-0.216288 1.2646
-0.214429 1.43699
-0.212571 1.62702
-0.210712 1.83557
-0.208853 2.0634
-0.206995 2.31117
-0.205136 2.57939
-0.203277 2.8684
-0.201419 3.17832
-0.19956 3.50908
-0.197701 3.86033
-0.195843 4.23148
-0.193984 4.62165
-0.192125 5.02966
-0.190267 5.45402
-0.188408 5.89293
-0.186549 6.34427
-0.184691 6.80565
-0.182832 7.27434
-0.180973 7.74736
-0.179115 8.2215
-0.177256 8.6933
-0.175397 9.15914
-0.173539 9.61527
-0.17168 10.0578
-0.169822 10.483
-0.167963 10.8868
-0.166104 11.2656
-0.164246 11.6156
-0.162387 11.9335
-0.160528 12.2161
-0.15867 12.4604
-0.156811 12.6639
-0.154952 12.8244
-0.153094 12.9404
-0.151235 13.0104
-0.149376 12.0241
-0.147361 12.0025
-0.145347 11.9379
-0.143332 11.8309
-0.141317 11.6828
-0.139302 11.495
-0.137288 11.2697
-0.135273 11.009
-0.133258 10.7158
-0.131243 10.3928
-0.129229 10.0434
-0.127214 9.67085
-0.125199 9.27865
-0.123184 8.87037
-0.12117 8.44958
-0.119155 8.01982
-0.11714 7.58457
-0.115125 7.14717
-0.113111 6.71079
-0.111096 6.27841
-0.109081 5.85278
-0.107066 5.43639
-0.105052 5.03149
-0.103037 4.64001
-0.101022 4.26361
-0.0990075 3.90367
-0.0969928 3.56127
-0.094978 3.23722
-0.0929633 2.93209
-0.0909485 2.64618
-0.0889338 2.37956
-0.086919 2.13212
-0.0849043 1.90354
-0.0828895 1.69336
-0.0808748 1.50098
-0.07886 1.32567
-0.0768453 1.16663
-0.0748305 1.02298
-0.0728158 0.893791
-0.070801 0.778113
-0.0687863 0.674972
-0.0667715 0.583399
-0.0647568 0.502438
-0.062742 0.431157
-0.0607273 0.368659
-0.0587125 0.314087
-0.0566978 0.266633
-0.054683 0.225534
-0.0526683 0.190085
-0.0506535 0.159632
-0.0486388 0.133576
