20.9   -87.2   -8.8143622066   7.51031468149
21.1002294126   -87.2332803627   -0.0119266960426   0.0
21.3004523151   -87.2666506023   -0.0120677023373   0.0
21.5   -87.3   37.913205429   -2.20041116809
21.6251898887   -87.2251118951   0.0275227072451   0.0
21.7503461855   -87.1500939581   0.0277227777846   0.0
21.8754686172   -87.0749451687   0.0279235812689   0.0
22.0   -87.0   13.3859259986   7.31958548646
22.250854476   -86.7510714801   0.0937556461905   0.0
22.5013285645   -86.5012502441   0.0951034400798   0.0
22.7514161233   -86.250523265   0.0964600996781   0.0
23.0   -86.0   13.4266870636   12.7510649479
23.3791616326   -85.3796780649   0.244270473843   0.0
23.7558630663   -84.7558082593   0.249444893091   0.0
24.1300453586   -84.1283295146   0.254651226161   0.0
24.5   -83.5   -11.0431482042   26.6961099041
25.4725467413   -82.3812688714   0.472582637656   0.0
26.4364744506   -81.2443784452   0.497599334346   0.0
27.3912580807   -80.0883992738   0.523286851987   0.0
28.3363495809   -78.9123859514   0.549668778993   0.0
29.2711767158   -77.7153785596   0.576766901361   0.0
30.1951418959   -76.4964045561   0.604600775291   0.0
31.107621032   -75.2544811652   0.633187239141   0.0
32.0   -74.0   0.0   0.0
