22.0   -85.4   1.26452299125   7.18366795483
22.3675133958   -85.6655509758   -0.100266952406   0.0
22.7345913784   -85.9325067046   -0.102379936942   0.0
23.1   -86.2   3.56190474697   1.93122973547
23.5262021969   -86.472608893   -0.107887387098   0.0
23.9519266046   -86.7469882157   -0.110458367502   0.0
24.3771602947   -87.0231838067   -0.113063974894   0.0
24.8   -87.3   6.64808042971   -0.00683070865231
25.251015009   -87.5227199202   -0.0942161862032   0.0
25.7016935002   -87.7470991981   -0.0965150279501   0.0
26.1520260035   -87.9731832394   -0.0988501104518   0.0
26.6   -88.2   16.4490535709   -0.516742994556
27.0755892039   -88.2741189448   -0.0334624923585   0.0
27.5511392175   -88.3488695566   -0.0343001265837   0.0
28.0266488903   -88.4242703233   -0.0351532877534   0.0
28.5   -88.5   21.6174943032   -1.07649038768
28.9383924249   -88.378662008   0.0583054534254   0.0
29.3766751134   -88.2562931271   0.0596201062678   0.0
29.8148451169   -88.132865926   0.0609583837582   0.0
30.2528994097   -88.0083522717   0.0623210384088   0.0
30.6908348863   -87.8827233027   0.0637088480083   0.0
31.128648358   -87.7559494022   0.0651226167226   0.0
31.5663365498   -87.6280001691   0.0665631762327   0.0
32.0   -87.5   0.0   0.0
